Keuwl Accelerometer Data File
2019-04-23 13-21-05

Time (s), X (m/s2), Y (m/s2), Z (m/s2), R (m/s2), Theta (deg), Phi (deg)
0.0000000,-2.541445,2.912546,8.158242,9.027668,25.352150,131.107468
0.0075070,-2.547431,2.928109,8.202535,9.074404,25.321793,131.022995
0.0167885,-2.477999,3.007117,8.294712,9.164359,25.162500,129.490036
0.0261708,-2.305616,3.124433,8.463503,9.311758,24.645538,126.424767
0.0357578,-2.149993,3.318364,8.528147,9.400175,24.874302,122.939514
0.0457536,-2.030283,3.491943,8.526949,9.435283,25.347212,120.174545
0.0558793,-1.932121,3.621230,8.647857,9.572452,25.389906,118.082314
0.0660125,-1.878251,3.746926,8.775947,9.725457,25.528830,116.623596
0.0758410,-1.960851,3.563769,8.905233,9.790229,24.549290,118.820396
0.0858524,-2.157176,3.244143,8.695741,9.528577,24.133410,123.621704
0.0956398,-2.437297,2.857480,8.166622,8.988845,24.697205,130.462631
0.1058643,-2.566584,2.770091,7.588422,8.476138,26.457016,132.816162
0.1159708,-2.458845,2.974796,7.586028,8.511353,26.965036,129.575760
0.1258418,-2.130840,3.221398,8.362947,9.211773,24.789518,123.483208
0.1359018,-1.686715,3.344700,9.526528,10.236541,21.465286,116.761574
0.1456951,-1.108515,3.390190,10.307038,10.906752,19.088516,108.106575
0.1558381,-0.967257,3.240552,10.625467,11.150665,17.655020,106.619598
0.1669212,-1.048660,3.045424,10.546458,11.027333,16.982803,109.000618
0.1758374,-1.380257,2.833538,10.569203,11.029148,16.605053,115.971382
0.1858360,-1.543063,3.365051,12.204443,12.753550,16.874115,114.634094
0.1956517,-0.855927,3.365051,13.478158,13.918222,14.446245,104.271004
0.2058436,0.175974,4.074931,12.010512,12.684181,18.757322,87.527245
0.2158744,0.920571,4.118027,10.137050,10.980227,22.600100,77.398911
0.2258129,1.074997,4.541800,8.492233,9.690284,28.792971,76.683746
0.2358344,1.074997,4.595670,7.167043,8.581510,33.366173,76.834373
0.2456442,0.994791,3.864242,7.167043,8.202955,29.106771,75.563530
0.2558334,0.310049,2.954445,10.856507,11.255605,15.303276,84.009125
0.2658291,-0.957681,2.823961,10.856507,11.258582,15.358546,108.733170
0.2757716,-1.113304,2.331953,10.973824,11.273963,13.250403,115.520401
0.2857412,-0.623690,2.067393,11.773487,11.969883,10.393320,106.787476
0.2959320,0.268151,2.877831,12.307394,12.642221,13.215986,84.676659
0.3058015,1.231817,4.102465,12.303802,13.028091,19.194904,73.286949
0.3160584,2.282871,4.152743,10.497377,11.517452,24.295963,61.201256
0.3259269,2.410961,3.672705,9.026140,10.038561,25.953850,56.716953
0.3359789,1.721431,3.156755,7.852982,8.636999,24.601433,61.395630
0.3457957,0.985214,2.843115,6.865374,7.495819,23.667030,70.887451
0.3559233,0.658405,2.637213,6.239290,6.805669,23.540451,75.982117
0.3664149,0.866701,2.570175,6.314707,6.872590,23.245108,71.365135
0.3756000,1.507150,2.699462,6.913258,7.573092,24.094816,60.824730
0.3859290,2.200271,1.991976,7.031770,7.632493,22.884008,42.155544
0.3957428,4.094085,2.904167,5.415684,7.384128,42.825932,35.350243
0.4058093,5.585672,4.217386,4.679467,8.419234,56.233700,37.054134
0.4159340,5.850232,4.399345,5.644331,9.243263,52.364017,36.942986
0.4259381,2.515109,2.828749,6.543353,7.559303,30.048407,48.358936
0.4358805,-1.197101,1.762132,6.785168,7.111727,17.430399,124.190147
0.4460785,-2.588132,1.648408,6.700173,7.369396,24.606493,147.506531
0.4560837,-0.360327,1.365892,5.568913,5.745284,14.233541,104.778160
0.4695911,4.252102,1.520318,4.740520,6.547081,43.608780,19.674257
0.4761015,4.252102,3.028665,4.740520,7.051646,47.758484,35.461311
0.4863839,5.196615,4.656722,5.087678,8.635644,53.903378,41.863735
0.4976325,5.595249,5.194221,5.304354,9.296392,55.209183,42.871380
0.5066441,5.219360,4.448427,4.515464,8.210946,56.637630,40.440742
0.5156018,4.866215,3.098097,2.966416,6.486746,62.786713,32.483051
0.5259380,4.094085,1.819593,1.969231,4.893906,66.272682,23.962490
0.5359738,3.260903,0.934936,1.899799,3.888036,60.749634,15.998164
0.5456116,2.688689,0.314838,3.131616,4.139467,40.841087,6.678752
0.5556030,2.845509,-0.617704,4.726154,5.551127,31.637220,347.752228
0.5657209,2.828749,-0.913388,3.988740,4.974550,36.694851,342.105011
0.5761420,3.320758,-0.779313,2.590526,4.283175,52.784504,346.792877
0.5860288,4.261679,0.169988,2.766500,5.083732,57.030884,2.284182
0.5959593,5.142745,0.889446,3.375824,6.215716,57.104324,9.812328
0.6059372,5.700594,0.707487,3.526659,6.740522,58.452679,7.074662
0.6158448,6.046556,0.402226,3.719392,7.110310,58.459679,3.805793
0.6257523,6.303933,0.494403,4.799177,7.938269,52.802654,4.484394
0.6358272,6.438008,0.581791,6.609194,9.244884,44.364761,5.163689
0.6460293,6.491878,0.238223,8.042124,10.338133,38.930500,2.101557
0.6562358,6.537368,-0.047884,8.746018,10.919354,36.777668,359.580322
0.6663103,6.683414,-0.032322,8.259995,10.625280,38.977699,359.722900
0.6758502,6.712144,0.152032,7.015011,9.710117,43.743412,1.297542
0.6861103,6.763620,0.240617,5.977125,9.029423,48.550407,2.037451
0.6962655,6.914454,0.185551,5.446809,8.804080,51.781017,1.537174
0.7060474,7.140707,0.247800,5.639542,9.102501,51.716015,1.987505
0.7161186,7.356185,0.153229,6.490681,9.811517,48.582806,1.193295
0.7262799,7.550115,-0.152032,7.946355,10.962296,43.541084,358.846436
0.7359381,7.794323,-0.192733,9.636662,12.395720,38.975182,358.583527
0.7458738,7.955932,-0.173580,10.770316,13.391292,36.459454,358.750153
0.7558367,7.906851,-0.347159,10.813412,13.400325,36.200859,357.485992
0.7659373,7.661446,-0.709881,9.865308,12.511034,37.951786,354.706299
0.7756208,7.298724,-1.341950,8.611943,11.368279,40.752056,349.581909
0.7857578,6.512228,-1.941698,7.149086,9.863505,43.547638,343.397430
0.7961053,5.804742,-2.401384,5.396531,8.281559,49.335224,337.525421
0.8061192,5.720945,-2.791639,3.890578,7.460500,58.567734,333.989105
0.8160169,6.332664,-3.101688,3.124433,7.712664,66.102333,333.904755
0.8261908,7.287950,-3.381810,3.396175,8.722664,67.085899,335.107391
0.8361238,8.514978,-3.822343,4.580108,10.396757,63.862148,335.824860
0.8461673,9.346964,-4.338294,6.347029,12.102532,58.369576,335.102142
0.8559271,9.333796,-4.546589,8.006210,13.110706,52.362610,334.028809
0.8661124,8.914810,-4.747702,9.066842,13.572845,48.086082,331.961853
0.8760601,8.422802,-4.899734,9.500193,13.608992,45.726673,329.812469
0.8860021,8.169016,-4.733337,9.229648,13.203170,45.649338,329.910889
0.8960329,8.358158,-4.226963,8.595184,12.712326,47.458042,333.172943
0.9059674,8.857349,-3.610456,8.360553,12.703814,48.843838,337.823090
0.9153978,9.637859,-3.039439,8.787917,13.392311,48.989964,342.496582
0.9256846,10.658986,-2.475605,9.579201,14.543166,48.801201,346.924591
0.9361023,11.982980,-1.891419,10.515334,16.054331,49.081539,351.030304
0.9473683,13.351266,-1.404199,11.917139,17.951220,48.404892,353.996063
0.9555829,14.292187,-1.137246,13.378799,19.610003,46.980782,355.450500
0.9656188,14.626178,-1.148020,14.106636,20.352892,46.123814,355.512024
0.9762943,14.421474,-1.161188,13.819332,20.007528,46.313931,355.396606
0.9859322,14.022840,-1.005565,12.828133,19.031872,47.620808,355.898407
0.9984532,13.645753,-0.706290,11.629835,17.943201,49.597950,357.037079
1.0059372,13.352463,-0.252588,10.587160,17.042301,51.594109,358.916260
1.0159411,13.105860,0.144849,9.727641,16.322119,53.417538,0.633221
1.0285590,12.764687,0.349553,9.198523,15.737606,54.232811,1.568619
1.0358503,12.327744,0.377087,8.996213,15.265888,53.892532,1.752043
1.0459027,11.789049,0.227449,8.851364,14.743814,53.105438,1.105285
1.0559390,11.111490,-0.025139,8.534132,14.010612,52.474163,359.870361
1.0662769,10.339360,-0.260968,8.157045,13.172238,51.737858,358.554138
1.0762563,9.527725,-0.502782,7.772776,12.306355,50.831242,356.979279
1.0861044,8.789114,-0.711078,7.419631,11.524109,49.921574,355.374603
1.0961930,8.143877,-0.828394,7.056910,10.807818,49.236000,354.191864
1.1059228,7.694964,-0.798466,6.692991,10.229670,49.135494,354.075928
1.1157560,7.390901,-0.723049,6.295553,9.735615,49.710361,354.412567
1.1258212,7.155072,-0.705092,5.845443,9.266144,50.887966,354.371979
1.1357107,7.025785,-0.677559,5.431247,8.906132,52.422623,354.491486
1.1458372,6.797139,-0.764947,5.171476,8.574987,52.908588,353.578979
1.1556958,6.722919,-0.922965,4.818331,8.322608,54.623642,352.182953
1.1656719,7.492654,-0.744597,4.171896,8.608078,61.010521,354.324768
1.1758288,6.090849,-1.083376,4.241328,7.500734,55.566101,349.914307
1.1858282,5.768829,-1.484405,3.859453,7.097762,57.060280,345.569977
1.1956364,7.076063,-0.999579,3.233369,7.843756,65.655502,351.959473
1.2060696,6.470330,-0.891840,2.760514,7.090909,67.088844,352.152069
1.2161835,5.319916,-0.891840,2.372654,5.892909,66.257393,350.483337
1.2261407,5.148731,-2.102109,2.197877,5.979879,68.435684,337.790924
1.2368797,5.505467,-1.944092,1.947683,6.154927,71.552055,340.550842
1.2463166,5.482722,-2.108095,1.883040,6.168479,72.225708,338.968353
1.2562110,5.427655,-2.108095,1.928530,6.133737,71.674591,338.773895
1.2657686,5.427655,-2.527080,1.956063,6.298552,71.907166,335.033630
1.2762262,5.379771,-2.863465,1.920150,6.389706,72.511955,331.975189
1.2859268,5.379771,-3.254917,1.677138,6.507627,75.065247,328.824860
1.2957557,5.161899,-3.649961,1.677138,6.540658,75.142410,324.735992
1.3058120,4.881777,-3.943250,1.338359,6.416554,77.960907,321.070496
1.3159978,4.592079,-4.150349,1.007959,6.271249,80.750908,317.892548
1.3258176,4.386178,-4.286818,0.724246,6.175751,83.265282,315.656372
1.3356663,4.384980,-4.313154,0.380678,6.162489,86.458389,315.473114
1.3456620,4.489128,-4.149151,0.211887,6.116586,88.014801,317.253815
1.3558377,4.449624,-3.999514,0.240617,5.987751,87.696953,318.049438
1.3658752,4.282030,-3.869030,0.407014,5.785398,85.965797,317.900604
1.3756441,3.950433,-3.654749,0.713472,5.428826,82.448174,317.226501
1.3858464,3.762488,-3.377022,1.124078,5.179203,77.464951,318.090424
1.3962871,3.744531,-3.100491,1.790863,5.180902,69.777534,320.375061
1.4059290,3.932476,-2.896984,2.529474,5.500466,62.621574,323.621613
1.4158993,4.489128,-2.888604,2.918532,6.083924,61.333401,327.240082
1.4257430,5.299565,-3.251326,3.017891,6.911163,64.108452,328.470551
1.4358155,6.015432,-3.871424,3.043030,7.773891,66.955727,327.235382
1.4459271,6.843825,-4.456807,2.918532,8.672883,70.335472,326.927185
1.4559155,7.855376,-5.063736,2.626439,9.708066,74.303482,327.193329
1.4658191,8.638280,-5.849035,2.394202,10.703424,77.074402,325.897827
1.4758704,9.138668,-6.758832,2.262521,11.589480,78.742310,323.513885
1.4858383,9.513360,-7.692570,2.215834,12.433405,79.734123,321.040741
1.4963566,10.034100,-8.494628,2.397793,13.363804,79.663765,319.749542
1.5099157,11.753136,-9.117120,3.475184,15.275306,76.849869,322.198608
1.5160127,11.753136,-9.579201,3.475184,15.555519,77.090881,320.818817
1.5258260,12.795811,-9.800665,4.053383,16.619738,75.883774,322.550507
1.5358480,13.729549,-9.763555,4.514267,17.441505,74.999748,324.582062
1.5456816,14.259866,-9.470264,4.730943,17.759827,74.550766,326.411072
1.5584676,14.308947,-9.051279,5.048174,17.667927,73.397789,327.684143
1.5656962,14.071920,-8.306683,5.048174,17.102747,72.832420,329.446564
1.5754657,13.658920,-7.268796,5.383362,16.382372,70.815750,331.979675
1.5858356,13.281834,-6.040571,5.622783,15.636857,68.925278,335.543976
1.5955064,13.147758,-4.620809,5.954380,15.154870,66.864807,340.635864
1.6056104,13.055582,-3.088520,6.265626,14.806932,64.966072,346.690399
1.6158423,12.804191,-1.734599,6.326678,14.386904,63.911907,352.285034
1.6254822,12.352883,-0.841562,6.003461,13.760214,64.132515,356.102661
1.6351745,11.755530,-0.240617,5.606023,13.026047,64.508942,358.827423
1.6451406,11.092337,0.215478,5.187038,12.247111,64.942253,1.112880
1.6551942,10.457873,0.588974,4.740520,11.497240,65.649467,3.223418
1.6651965,9.847352,0.824802,4.236540,10.751693,66.794220,4.787851
1.6754843,9.391256,0.982820,3.772065,10.168092,68.224503,5.974407
1.6854792,9.103952,1.145625,3.476381,9.812218,69.250000,7.172301
1.6953524,8.944737,1.259350,3.319561,9.623605,69.821899,8.014128
1.7051799,8.845378,1.274912,3.412935,9.566307,69.098274,8.201738
1.7151946,8.696938,1.266533,3.693056,9.533073,67.207550,8.285722
1.7253852,8.524555,1.261744,3.888184,9.453995,65.715103,8.419387
1.7353846,8.446744,1.358709,4.198233,9.529886,63.862083,9.138091
1.7451379,8.329428,1.389834,4.548983,9.591885,61.689255,9.473004
1.7550960,8.007407,1.322796,4.666299,9.361769,60.103020,9.380350
1.7650837,7.593211,1.221043,4.568137,8.945148,59.290649,9.135365
1.7753768,7.210138,1.109712,4.352659,8.494892,59.177147,8.749737
1.7858617,6.930017,0.902614,4.060566,8.082577,59.842079,7.420830
1.7953997,6.797139,0.620098,3.833117,7.828053,60.681488,5.212625
1.8051537,6.871359,0.153229,3.585317,7.752003,62.451324,1.277464
1.8151687,7.162254,-0.480037,3.451242,7.964885,64.322372,356.165588
1.8254418,7.723695,-1.102530,3.526659,8.562030,65.676056,351.876129
1.8355367,8.625112,-1.750161,3.732560,9.559688,67.017624,348.529572
1.8458074,9.605537,-2.567781,3.979163,10.709509,68.188499,345.033478
1.8553809,10.487801,-3.696647,4.153940,11.870736,69.516899,340.583923
1.8656030,11.207258,-4.946421,4.405331,13.018320,70.220894,336.185303
1.8756375,11.786655,-6.222530,4.762067,14.153530,70.338783,332.169067
1.8855764,12.368446,-7.358579,5.082890,15.263123,70.547958,329.249573
1.8967094,13.086706,-8.198944,5.299565,16.326969,71.059280,327.932465
1.9067094,13.995306,-8.742428,5.433641,17.373056,71.774208,328.008270
1.9176725,13.995306,-8.742428,5.433641,17.373056,71.774208,328.008270
1.9195335,14.851233,-9.135077,5.433641,18.262892,72.691078,328.404083
1.9302615,15.306131,-9.481039,5.414487,18.801182,73.262550,328.224792
1.9353340,15.243882,-9.803059,5.404911,18.912666,73.394371,327.255676
1.9467514,14.781801,-10.134656,5.413290,18.722088,73.193573,325.564789
1.9552220,14.159308,-10.427945,5.521029,18.431219,72.569565,323.629364
1.9653029,13.459004,-10.480618,5.728127,17.994432,71.438179,322.091858
1.9753765,12.659342,-10.211270,5.884948,17.296288,70.108299,321.109680
1.9852021,11.798626,-9.561244,5.955577,16.312384,68.586540,320.979767
1.9953042,10.952275,-8.592790,5.894525,15.117333,67.050583,321.883453
2.0054681,10.127473,-7.441179,5.667076,13.785956,65.727554,323.693359
2.0153890,9.297882,-6.257246,5.348647,12.418202,64.487358,326.060425
2.0251734,8.461109,-5.224148,4.983531,11.122845,63.381699,328.307556
2.0352001,7.627927,-4.332308,4.552575,9.883325,62.572109,330.405426
2.0455034,6.873753,-3.556587,4.108450,8.762257,62.038357,332.642242
2.0555966,6.168661,-2.853889,3.730166,7.753141,61.241634,335.172699
2.0658295,5.491102,-2.299631,3.441665,6.876450,59.966896,337.276459
2.0755303,4.830302,-1.905785,3.315969,6.161127,57.438251,338.468414
2.0854747,4.332308,-1.667562,3.236961,5.659290,55.112083,338.947632
2.0955079,4.220978,-1.395820,3.219004,5.488803,54.093273,341.701660
2.1055183,4.461595,-1.067814,3.503914,5.772648,52.628143,346.540314
2.1158271,4.896142,-0.909797,3.796007,6.261758,52.683273,349.473419
2.1261361,5.383362,-0.827197,3.819949,6.652582,54.955990,351.264374
2.1361537,5.767632,-0.803255,3.550601,6.820378,58.628361,352.071442
2.1458743,6.053739,-0.784101,2.942474,6.776484,64.264427,352.619934
2.1560831,6.216545,-0.814029,2.117671,6.617598,71.336708,352.539825
2.1657445,6.180632,-0.932542,1.229423,6.370347,78.872581,351.419861
2.1758251,5.914876,-1.192312,0.433351,6.049393,85.892075,348.603119
2.1859276,5.542577,-1.583764,-0.104148,5.765354,91.035072,344.052979
2.1957002,5.249287,-1.987187,-0.320823,5.621998,93.271400,339.265167
2.2058239,5.058948,-2.404976,-0.363919,5.613314,93.717171,334.574036
2.2158902,4.967968,-2.744952,-0.276530,5.682600,92.789268,331.078033
2.2263725,5.011064,-2.918532,-0.081403,5.799588,90.804230,329.782715
2.2353842,5.092467,-3.005920,0.088585,5.914104,89.141754,329.447998
2.2452915,5.104438,-3.005920,0.178368,5.926437,88.275307,329.506866
2.2553530,5.104438,-3.045424,0.202310,5.947338,88.050598,329.178741
2.2652605,5.000290,-3.023877,0.243011,5.848572,87.618645,328.836975
2.2753992,4.809951,-2.978387,0.432153,5.673903,85.631828,328.233643
2.2853849,4.663905,-2.852691,0.679953,5.509283,82.910500,328.547821
2.2958379,4.635174,-2.709039,1.039083,5.468403,79.046288,329.695740
2.3058205,4.867412,-2.622848,1.365892,5.695322,76.123672,331.681610
2.3158033,5.353435,-2.761712,1.665167,6.249728,74.547562,332.711853
2.3257856,5.789180,-3.153164,1.665167,6.799252,75.823807,331.424408
2.3358290,6.096835,-3.669114,1.895011,7.363753,75.087532,328.960205
2.3457613,6.495469,-4.346673,1.929727,8.050375,76.130783,326.210144
2.3556087,6.993463,-5.093664,1.959654,8.870975,77.237732,323.932404
2.3656061,7.507020,-5.963956,1.800440,9.755291,79.364502,321.534607
2.3754561,8.103176,-6.742072,1.537078,10.652680,81.703819,320.238586
2.3858280,8.973468,-7.143101,1.327585,11.545973,83.397385,321.479340
2.3957503,9.956287,-7.319075,1.256956,12.420807,84.191864,323.679626
2.4055018,10.813412,-7.497443,1.567005,13.251303,83.208717,325.264618
2.4157021,11.487380,-7.929596,2.232593,14.135872,80.912766,325.383148
2.4258375,12.115858,-8.295909,3.089717,15.005415,78.117409,325.599976
2.4358950,12.695254,-8.404845,4.027047,15.748905,75.184738,326.493591
2.4463880,13.251906,-8.270770,4.941632,16.384089,72.445572,328.030914
2.4560747,13.684060,-7.861362,5.755661,16.798277,69.962563,330.123047
2.4658206,14.015656,-7.109582,6.230910,16.905888,68.372887,333.103149
2.4757655,14.105439,-6.142324,6.305130,16.626673,67.714760,336.468903
2.4859335,13.801375,-5.165490,6.029797,15.922271,67.746689,339.480469
2.4960394,13.219584,-4.327519,5.448006,14.938728,68.611488,341.873779
2.5087287,11.982980,-2.820370,4.040215,12.956451,71.830429,346.755646
2.5158277,11.982980,-2.820370,4.040215,12.956451,71.830429,346.755646
2.5255973,11.367670,-2.202666,3.562572,12.114767,72.898308,349.033936
2.5356448,10.753557,-1.662773,3.254917,11.357741,73.346603,351.210236
2.5461848,10.202890,-1.102530,3.008314,10.694134,73.661888,353.832520
2.5560267,9.625888,-0.523133,2.826355,10.045877,73.659515,356.889252
2.5657902,9.070433,-0.020351,2.627636,9.443391,73.844131,359.871460
2.5758207,8.565256,0.377087,2.442086,8.914572,74.100960,2.520828
2.5856600,8.091205,0.682347,2.267309,8.430532,74.398788,4.820462
2.5958376,7.671022,0.871489,2.138022,8.010943,74.520851,6.481469
2.6059372,7.339425,0.962469,2.020706,7.673119,74.731140,7.470957
2.6169860,7.192182,1.012747,1.831564,7.490512,75.846657,8.015249
2.6258361,7.134721,1.042675,1.661576,7.399477,77.023392,8.314403
2.6360853,7.054515,0.956484,1.574188,7.291029,77.531227,7.721340
2.6458251,6.962338,0.730232,1.705869,7.205372,76.305222,5.987467
2.6559405,6.846220,0.434548,2.059013,7.162338,73.292984,3.631842
2.6647582,6.755240,0.132878,2.477999,7.196624,69.859222,1.126885
2.6778431,6.851008,0.046687,2.948459,7.458680,66.714951,0.390442
2.6848905,7.327454,0.178368,3.567361,8.151653,64.047607,1.394443
2.6947291,7.941567,0.272939,4.326323,9.047654,61.434010,1.968390
2.7050300,8.548497,0.288501,4.849455,9.832459,60.448296,1.932929
2.7149847,8.996213,0.004788,4.876989,10.233127,61.537182,0.030497
2.7255359,9.221268,-0.738611,4.656722,10.356755,63.279964,355.420471
2.7379241,9.405622,-1.752556,4.408922,10.534503,65.258682,349.445068
2.7447433,9.625888,-3.002329,4.220978,10.931072,67.285164,342.677216
2.7549319,10.096349,-4.362236,4.152743,11.756302,69.314659,336.632721
2.7648809,11.036073,-5.552154,4.191050,13.045544,71.260681,333.293427
2.7750249,12.459426,-6.479907,4.361038,14.705276,72.748726,332.521942
2.7857025,14.122199,-7.141904,4.741716,16.520508,73.320366,333.173279
2.7950165,15.836447,-7.544129,5.418078,18.359262,72.835617,334.527924
2.8047471,17.313669,-7.838616,6.175843,19.983696,71.998367,335.641754
2.8148818,18.265366,-8.136695,6.858191,21.139162,71.068916,335.988403
2.8249500,18.505981,-8.483853,7.430405,21.671595,69.948555,335.371460
2.8348382,18.075026,-8.878897,7.838616,21.609842,68.731827,333.838593
2.8448670,17.222691,-9.233239,7.885303,21.072536,68.025238,331.803833
2.8578250,16.201563,-9.248801,7.532158,20.118755,68.013695,330.279755
2.8655407,15.162479,-8.956709,6.928820,18.924376,68.522736,329.429016
2.8758080,14.126987,-8.434772,6.302736,17.619354,69.039970,329.159912
2.8858187,13.132196,-7.617153,5.735310,16.228659,69.304199,329.884705
2.8956413,12.144588,-6.671443,5.306748,14.837815,69.044044,331.218475
2.9054422,11.063606,-5.764040,5.085284,13.471736,67.822449,332.480896
2.9152107,9.928755,-4.990714,4.963180,12.170479,65.932991,333.313507
2.9253860,8.805874,-4.314352,4.888960,10.957143,63.500546,333.897919
2.9355035,7.769185,-3.772065,4.797980,9.879743,60.945705,334.102692
2.9458067,6.830657,-3.385401,4.689044,8.950193,58.405495,333.636139
2.9558628,6.004658,-3.076549,4.531027,8.127193,56.115932,332.871185
2.9655786,5.313931,-2.829947,4.238934,7.363085,54.851273,331.962372
2.9756088,4.839879,-2.618060,3.815161,6.695828,55.264996,331.589508
2.9856207,4.557363,-2.445677,3.409343,6.194717,56.608074,331.780090
2.9957798,4.438850,-2.319981,3.052607,5.865502,58.638626,332.406006
3.0058315,4.484340,-2.213439,2.651578,5.660343,62.066380,333.729370
3.0156708,4.610035,-2.138022,2.134431,5.511747,67.216431,335.119263
3.0254893,4.800375,-2.146402,1.565808,5.486565,73.417870,335.909058
3.0356970,4.972757,-2.197877,0.994791,5.527077,79.631119,336.155365
3.0457528,5.058948,-2.373851,0.367510,5.600285,86.237350,334.862244
3.0567605,4.938041,-2.692280,-0.186748,5.627388,91.901741,331.400238
3.0657513,4.659117,-3.066972,-0.507571,5.601010,95.199348,326.644165
3.0758069,4.341885,-3.448848,-0.541090,5.571291,95.573410,321.539154
3.0858049,4.022259,-3.761291,-0.365116,5.518984,93.793251,316.920288
3.0956352,3.757699,-3.977966,-0.150835,5.474237,91.578903,313.368988
3.1058493,3.639187,-4.034230,0.073023,5.433601,89.229965,312.052887
3.1163433,3.598485,-4.027047,0.248997,5.406312,87.360214,311.783295
3.1257751,3.647566,-4.024653,0.229843,5.436488,87.576935,312.186188
3.1357679,3.705027,-3.967192,0.100556,5.429176,88.938736,313.042938
3.1456933,3.721786,-3.891775,-0.064643,5.385331,90.687775,313.720978
3.1556203,3.682282,-3.824737,-0.312443,5.318406,93.367928,313.912872
3.1658359,3.642778,-3.622427,-0.532710,5.164842,95.920105,315.160492
3.1756988,3.597288,-3.435679,-0.521936,5.001679,95.989845,316.316345
3.1854877,3.572149,-3.427300,-0.269348,4.957739,93.114342,316.185547
3.1969600,3.635595,-3.593697,0.132878,5.113694,88.511017,315.332062
3.2056885,3.912126,-4.003105,0.525527,5.621900,84.636238,314.341461
3.2159281,4.339490,-4.617218,0.845153,6.392509,82.402687,313.223969
3.2258060,5.102044,-5.239710,1.121683,7.398891,81.280251,314.237335
3.2368314,6.384139,-5.584476,1.074997,8.549809,82.776886,318.822449
3.2454920,7.699753,-5.729325,0.688333,9.622118,85.897751,323.347351
3.2558985,8.821436,-5.981913,0.177171,10.659850,89.047676,325.858368
3.2657177,9.521740,-6.508637,-0.104148,11.534156,90.517357,325.645233
3.2783306,10.058042,-7.207744,0.033519,12.374042,89.844795,324.374054
3.2857702,10.613496,-7.207744,0.577003,12.842539,87.424889,325.819122
3.2957697,11.473015,-7.903260,1.400608,14.001903,84.259109,325.438751
3.3060033,12.661736,-8.329428,2.213439,15.316600,81.690948,326.661377
3.3160310,13.931860,-8.469488,2.924517,16.564472,79.830917,328.703644
3.3264194,15.028404,-8.157045,3.367445,17.427851,78.859123,331.507996
3.3358557,15.028404,-8.157045,3.609259,17.476187,78.081253,331.507996
3.3459291,15.767015,-7.860164,3.768473,18.016169,77.926178,333.502838
3.3565235,15.905879,-7.417237,3.869030,17.971693,77.567772,334.999390
3.3658736,15.905879,-6.969521,3.869030,17.791588,77.439873,336.338287
3.3764002,14.645331,-6.560112,3.906140,16.516014,76.319572,335.870880
3.3867319,13.815741,-6.115988,3.859453,15.594082,75.670685,336.121857
3.3956563,13.815741,-5.554548,3.859453,15.382558,75.469345,338.097656
3.4057448,13.075933,-4.902128,3.696647,14.445624,75.173027,339.449127
3.4159894,12.557588,-4.133589,3.479972,13.670763,75.252731,341.779968
3.4256949,12.194866,-3.242946,3.192668,13.016320,75.801506,345.108154
3.4358680,11.759122,-2.305616,2.904167,12.329924,76.376656,348.906708
3.4483933,10.536881,-0.756568,2.346318,10.821436,77.477600,355.893097
3.4556980,10.536881,-0.756568,2.346318,10.821436,77.477600,355.893097
3.4655285,10.381259,0.023942,2.097321,10.591027,78.578331,0.132139
3.4754860,10.368091,0.969652,1.975216,10.599010,79.259651,5.342915
3.4867067,10.080787,1.509544,1.874660,10.364137,79.579010,8.516458
3.4993479,8.512584,1.047463,1.599327,8.724627,79.437279,7.014915
3.5057969,8.512584,1.047463,1.599327,8.724627,79.437279,7.014915
3.5158465,7.788338,0.712275,1.404199,7.945899,79.821236,5.225395
3.5258081,7.265205,0.428562,1.158794,7.369510,80.953171,3.375869
3.5359397,6.928820,0.268151,0.906205,6.992972,82.554214,2.216284
3.5485609,6.543353,-0.052672,0.682347,6.579046,84.046844,359.538788
3.5558348,6.543353,-0.052672,0.682347,6.579046,84.046844,359.538788
3.5657930,6.459556,-0.183156,0.895431,6.523895,82.111015,358.375854
3.5756106,6.473921,-0.335188,1.288081,6.609324,78.761795,357.036163
3.5856421,6.623559,-0.464475,1.898602,6.905937,74.042564,355.988708
3.5980101,6.886921,-0.495600,2.580950,7.371337,69.504539,355.883942
3.6060615,7.198167,-0.490811,3.019088,7.821087,67.292984,356.099304
3.6156912,7.469909,-0.539892,3.171120,8.133082,67.051483,355.866089
3.6255565,7.551312,-0.713472,3.072958,8.183790,67.945198,354.602539
3.6355803,7.539341,-1.040281,2.986767,8.175856,68.572998,352.143921
3.6482089,7.597999,-1.523909,2.975993,8.301110,68.991570,348.658813
3.6558449,7.700950,-2.304419,2.987964,8.575716,69.609207,343.340790
3.6657960,7.965509,-3.479972,3.241749,9.277309,69.547684,336.400452
3.6761248,8.553286,-4.926070,3.804387,10.578196,68.921654,330.061188
3.6856463,9.524135,-6.226121,4.479551,12.228659,68.511414,326.826538
3.6979907,10.925940,-7.216124,4.963180,14.002919,69.240936,326.556915
3.7058115,12.599486,-8.137892,4.989516,15.807201,71.600044,327.141968
3.7156684,14.058752,-9.078813,4.584896,17.352079,74.678947,327.146576
3.7254865,15.210363,-9.798270,4.182671,18.570297,76.983337,327.211029
3.7361236,16.078262,-10.175357,3.957615,19.434792,78.250359,327.671753
3.7477927,16.688784,-10.408792,3.982754,20.067905,78.552856,328.048218
3.7561259,16.990452,-10.559627,4.387374,20.479996,77.629799,328.138885
3.7657747,16.898275,-10.722432,5.017050,20.632330,75.926613,327.603729
3.7762470,16.384720,-10.954670,5.573701,20.482431,74.209480,326.233673
3.7855299,15.503654,-11.119870,6.066907,20.020542,72.360069,324.350311
3.7983854,14.360422,-11.076775,6.191406,19.163773,71.150787,322.355560
3.8060346,13.078327,-10.722432,5.924452,17.919607,70.694023,320.652954
3.8163488,11.736377,-10.017340,5.287594,16.310986,71.084473,319.518280
3.8258426,10.396821,-9.008183,4.365827,14.432661,72.392403,319.093140
3.8358274,9.185355,-7.793127,3.446453,12.529230,74.033630,319.687744
3.8455689,8.159439,-6.490681,2.729390,10.777521,75.330177,321.498413
3.8560860,7.314286,-5.200206,2.281674,9.259966,75.735298,324.588470
3.8659143,6.658275,-3.995923,2.154782,8.058728,74.491295,329.030182
3.8760204,6.130353,-3.029862,2.269703,7.205057,71.638260,333.699615
3.8858140,5.585672,-2.321178,2.473210,6.534858,67.761414,337.434204
3.8960831,5.151125,-1.832761,2.580950,6.046024,64.730042,340.414520
3.9055481,4.805163,-1.623269,2.614468,5.706140,62.729942,341.334137
3.9153838,4.467580,-1.612495,2.457648,5.347845,62.641373,340.153839
3.9254384,4.209007,-1.667562,1.970428,4.937518,66.479790,338.387085
3.9350927,4.106056,-1.691504,1.389834,4.653226,72.621552,337.610626
3.9455397,4.141969,-1.671153,0.848745,4.546320,79.240425,338.027496
3.9557123,4.258088,-1.605312,0.237026,4.556810,87.018372,339.343414
3.9658284,4.407725,-1.562217,-0.207098,4.680967,92.535744,340.484314
3.9767876,4.514267,-1.568202,-0.448913,4.799936,95.366417,340.843384
3.9856653,4.558560,-1.696292,-0.562637,4.896369,96.598381,339.589203
3.9956484,4.509479,-2.008735,-0.535104,4.965557,96.186386,335.989532
4.0057025,4.390966,-2.431312,-0.441730,5.038550,95.029587,331.026367
4.0158272,4.262876,-2.899378,-0.265756,5.162280,92.950912,325.778564
4.0280275,4.180276,-3.384204,-0.117316,5.379713,91.249550,321.007599
4.0356846,4.082114,-3.849876,-0.055067,5.611438,90.562271,316.677063
4.0457644,3.997120,-4.237737,-0.112527,5.826495,91.106628,313.326324
4.0556297,4.112041,-4.396951,-0.204704,6.023618,91.947495,313.082275
4.0658779,4.400543,-4.339490,-0.263362,6.185896,92.440086,315.400238
4.0768671,4.697424,-4.235343,-0.347159,6.334385,93.141701,317.961212
4.0859537,4.891354,-4.120421,-0.287304,6.402012,92.572136,319.889587
4.0961266,5.069722,-4.134786,0.112527,6.543027,89.014572,320.799866
4.1058164,5.328296,-4.305972,0.700304,6.886404,84.163292,321.057190
4.1156182,5.814319,-4.592079,1.260547,7.515481,80.344330,321.698761
4.1259246,6.506243,-5.093664,1.647211,8.425551,78.725960,321.943024
4.1368279,7.145495,-5.899313,1.777695,9.435051,79.139763,320.456970
4.1494546,7.911640,-6.716933,1.476025,10.482838,81.905624,319.668945
4.1562328,8.811859,-7.374141,1.266533,11.559885,83.709892,320.075958
4.1682529,9.653421,-7.818265,1.459266,12.507729,83.300095,320.996124
4.1756334,10.419566,-8.152257,1.988384,13.378353,81.452629,321.960419
4.1854677,11.105505,-8.479065,2.785654,14.247338,78.724838,322.638214
4.1978698,11.663354,-8.904037,3.645172,15.119622,76.049187,322.641174
4.2056603,12.175713,-9.373300,4.411316,15.986445,73.981895,322.409637
4.2154870,12.613852,-9.939528,4.967968,16.810240,72.810539,321.762421
4.2255344,12.939463,-10.360908,5.249287,17.387728,72.428474,321.315002
4.2358227,13.242330,-10.359711,5.215768,17.603611,72.765114,321.963287
4.2468767,13.456611,-9.900024,4.923676,17.416470,73.578445,323.658081
4.2556725,13.565547,-8.968679,4.570531,16.892336,74.301910,326.529846
4.2656512,13.509283,-7.706935,4.264073,16.126993,74.668343,330.295593
4.2754860,13.330915,-6.230910,4.078523,15.269967,74.508560,334.948486
4.2866421,13.024457,-4.809951,4.035427,14.458796,73.793594,339.730743
4.2977390,12.494142,-3.604471,4.018668,13.610491,72.826721,343.907532
4.3059115,11.826159,-2.693477,3.853468,12.726433,72.374596,347.169403
4.3157301,11.050438,-1.993173,3.523068,11.768472,72.580536,349.775452
4.3258529,10.271125,-1.397017,3.053804,10.806173,73.584671,352.254517
4.3362608,9.510966,-0.883460,2.522291,9.879318,75.208031,354.693115
4.3480563,8.729259,-0.525527,2.012326,8.973606,77.041252,356.554779
4.3572245,7.993042,-0.233435,1.479617,8.132188,79.516884,358.327179
4.3660483,7.455544,-0.233435,1.074997,7.536262,81.799171,358.206635
4.3774643,7.054515,0.480037,0.985214,7.139136,82.067764,3.892796
4.3858037,7.054515,0.480037,1.082179,7.153162,81.298492,3.892796
4.3957939,6.696582,0.824802,1.236605,6.859571,79.614258,7.021624
4.4067726,6.058527,1.327585,1.514333,6.384469,76.279243,12.359681
4.4164906,5.781997,1.327585,1.790863,6.196867,73.202209,12.931356
4.4255843,5.781997,1.471237,1.790863,6.229223,73.292030,14.276031
4.4355774,5.500679,1.557428,1.996764,6.055585,70.747047,15.808613
4.4456930,5.267244,1.625663,2.067393,5.887338,69.441765,17.152126
4.4558330,5.105635,1.650802,2.070984,5.751664,68.895691,17.917545
4.4658713,5.142745,1.632846,2.002750,5.755434,69.636467,17.614887
4.4754972,5.325902,1.643619,1.962048,5.909005,70.607132,17.150681
4.4854851,5.464766,1.610101,1.985990,6.033261,70.781380,16.416716
4.4956927,5.482722,1.400608,2.109292,6.039127,69.557266,14.330215
4.5058208,5.554548,0.950498,2.214637,6.054838,68.545441,9.710442
4.5158439,5.734113,0.160412,2.460042,6.241602,66.787880,1.602428
4.5285039,6.708553,-2.449268,3.051410,7.766254,66.864548,339.943054
4.5357571,6.708553,-2.449268,3.051410,7.766254,66.864548,339.943054
4.5454788,7.608773,-4.216189,3.296816,9.302616,69.243530,331.008209
4.5557756,8.939949,-5.701791,3.377022,11.128225,72.334190,327.470764
4.5656934,10.747571,-6.490681,2.942474,12.895634,76.810295,328.871338
4.5755067,12.668919,-6.756437,2.340332,14.547443,80.742264,331.928650
4.5855207,14.378378,-6.904878,2.111686,16.089571,82.458420,334.348450
4.5967793,15.840038,-7.260417,2.448071,17.595837,82.002617,335.375244
4.6054902,17.000029,-7.903260,3.257311,19.028204,80.143372,335.066437
4.6156640,17.888277,-8.718486,4.335899,20.366699,77.708138,334.016083
4.6258402,18.547880,-9.564836,5.615600,21.611221,74.939049,332.720581
4.6357131,18.959682,-10.242394,6.878541,22.620579,72.296974,331.621216
4.6454868,19.130869,-10.667366,7.675811,23.209932,70.687981,330.855988
4.6557932,18.914194,-10.833763,7.872135,23.175152,70.142624,330.196564
4.6658826,18.282124,-10.737994,7.473501,22.480965,70.583252,329.572174
4.6756687,17.322050,-10.326192,6.545747,21.202133,72.017250,329.199554
4.6857157,16.114174,-9.684546,5.631162,19.625673,73.325851,328.994324
4.6958189,14.749479,-8.956709,5.078102,17.987686,73.601883,328.731537
4.7055998,13.322536,-8.208521,4.947618,16.411846,72.454308,328.361206
4.7167096,11.893197,-7.450756,5.163096,14.953911,69.801888,327.934021
4.7257185,10.437522,-6.691794,5.386954,13.518182,66.515755,327.334900
4.7355809,9.070433,-5.900510,5.506664,12.141339,63.028538,326.955139
4.7458935,7.835025,-5.145139,5.480328,10.857903,59.686459,326.707703
4.7558327,6.776788,-4.344279,5.266047,9.619192,56.807613,327.337982
4.7655740,5.907693,-3.669114,4.876989,8.494013,54.958622,328.156647
4.7755466,5.219360,-3.095703,4.394557,7.492478,54.088909,329.326996
4.7855659,4.738125,-2.680309,3.882198,6.686206,54.505276,330.503601
4.7955375,4.510676,-2.375048,3.465607,6.164210,55.790928,332.231445
4.8057604,4.580108,-2.145205,3.046622,5.904337,58.935863,334.902802
4.8157926,4.855441,-1.962048,2.539051,5.819942,64.134033,337.996735
4.8258843,5.169082,-1.825579,1.954866,5.820107,70.373856,340.548157
4.8358045,5.413290,-1.844732,1.406593,5.889419,76.182266,341.182007
4.8456163,5.407305,-1.991976,0.841562,5.823670,81.691261,339.776917
4.8556099,5.183447,-2.273294,0.316035,5.668850,86.804138,336.319275
4.8656936,4.843470,-2.579752,-0.135272,5.489319,91.412071,331.959137
4.8760533,4.515464,-2.887407,-0.577003,5.390684,96.144539,327.403168
4.8867178,4.234146,-3.277662,-0.760159,5.408226,98.080025,322.256470
4.8954911,4.031836,-3.666720,-0.724246,5.497733,97.569885,317.715302
4.9054880,3.908534,-3.976769,-0.600945,5.608250,96.151260,314.504211
4.9151015,3.851074,-4.194642,-0.445322,5.711751,94.471649,312.554840
4.9255109,3.755305,-4.369418,-0.343568,5.771669,93.412643,310.677490
4.9353986,3.670311,-4.449624,-0.283713,5.775018,92.815941,309.517822
4.9451141,3.623624,-4.484340,-0.372298,5.777418,93.694717,308.940369
4.9550962,3.633201,-4.438850,-0.559046,5.763339,95.566467,309.300354
4.9655714,3.706224,-4.376601,-0.735020,5.781953,97.303383,310.258820
4.9754834,3.737349,-4.449624,-0.808043,5.866845,97.916534,310.027740
4.9869494,3.757699,-4.608838,-0.709881,5.988791,96.807556,309.191223
4.9992466,3.866636,-4.748899,-0.509965,6.145159,94.760246,309.153076
5.0058222,4.216189,-4.813542,-0.308852,6.406390,92.763298,311.215179
5.0157638,4.770447,-4.871003,-0.240617,6.822150,92.021240,314.402435
5.0257668,5.437232,-4.916493,-0.263362,7.335173,92.057594,317.879242
5.0357471,6.227319,-4.880580,-0.318429,7.918394,92.304703,321.912903
5.0475807,7.092823,-4.917690,-0.381875,8.639308,92.533417,325.265137
5.0564179,7.906851,-5.039794,-0.287304,9.380852,91.755051,327.486725
5.0658789,8.580819,-5.336676,-0.008380,10.104980,90.047516,328.121246
5.0758243,9.185355,-5.742493,0.360327,10.838672,88.094872,327.987244
5.0858173,9.763555,-6.186617,0.891840,11.592955,85.587906,327.639862
5.0955677,10.292673,-6.728904,1.551443,12.394524,82.809334,326.825073
5.1058173,10.850522,-7.283162,2.231396,13.257353,80.310204,326.129425
5.1158462,11.396400,-7.863756,2.908955,14.148449,78.135231,325.393524
5.1254978,11.966220,-8.465898,3.496732,15.069471,76.582748,324.721252
5.1356654,12.715605,-8.762778,3.840300,15.912912,76.034813,325.427887
5.1457014,13.615825,-8.483853,3.981557,16.529346,76.061630,328.073486
5.1558270,14.433445,-7.832631,4.017470,16.906050,76.252998,331.512543
5.1673899,15.012842,-6.936002,3.968389,17.007107,76.506378,335.202850
5.1759434,15.180436,-6.088455,3.907337,16.816130,76.564148,338.145630
5.1871343,15.005659,-5.402516,3.843891,16.405258,76.449135,340.199493
5.1956749,14.607024,-4.752491,3.719392,15.804594,76.388557,341.977356
5.2055683,14.101848,-4.070143,3.545813,15.099700,76.418594,343.900543
5.2157722,13.522451,-3.375824,3.351882,14.334853,76.477486,345.982849
5.2257953,12.835316,-2.711433,3.204639,13.504330,76.272491,348.071747
5.2368059,12.085930,-2.085350,3.075352,12.644215,75.923210,350.210358
5.2478247,11.310209,-1.395820,3.020285,11.789456,75.156166,352.964569
5.2559347,10.625467,-0.717063,2.971204,11.056347,74.411118,356.139221
5.2658195,10.014946,-0.112527,2.893393,10.425139,73.886566,359.356262
5.2752118,9.423578,0.377087,2.761712,9.827160,73.678406,2.291482
5.2851171,8.882488,0.701501,2.596512,9.280764,73.753311,4.515604
5.2960930,8.493430,0.890643,2.409764,8.873475,74.242325,5.986305
5.3051238,8.163031,0.955287,2.250550,8.521304,74.686012,6.674734
5.3150797,7.790732,0.872687,2.091335,8.113617,75.063034,6.391399
5.3255272,7.459136,0.744597,1.898602,7.732905,75.787285,5.700578
5.3356967,7.174225,0.677559,1.758541,7.417619,76.285957,5.395212
5.3470922,6.955156,0.622492,1.680730,7.182377,76.466881,5.114395
5.3558564,6.803124,0.590171,1.741782,7.047311,75.690750,4.957994
5.3656387,6.611588,0.494403,1.918953,6.902167,73.857826,4.276516
5.3754983,6.427235,0.494403,2.069787,6.770362,72.198936,4.398705
5.3857102,6.375759,0.383072,2.176329,6.747848,71.184486,3.438347
5.3971863,6.436811,0.130484,2.231396,6.813860,70.884171,1.161314
5.4057059,6.625953,0.130484,2.213439,6.987102,71.531136,1.128172
5.4156504,6.964733,-0.123301,2.232593,7.314860,72.228996,358.985748
5.4256597,6.964733,-0.387861,2.197877,7.313590,72.511185,356.812531
5.4354887,7.345411,-0.636858,2.050634,7.652826,74.457222,355.044769
5.4457307,7.635109,-1.127669,2.139219,8.008920,74.507957,351.598419
5.4566331,8.300697,-3.160346,2.578555,9.248693,73.811272,339.156525
5.4654646,8.300697,-3.160346,2.578555,9.248693,73.811272,339.156525
5.4754925,8.772355,-4.413711,2.965219,10.258050,73.198158,333.291260
5.4855323,9.458294,-5.754464,3.333926,11.562363,73.241226,328.683502
5.4956098,10.493786,-6.879739,3.824737,13.117887,73.048233,326.751099
5.5065236,13.481750,-7.742848,4.501099,16.185461,73.853447,330.130341
5.5157933,13.481750,-8.334216,4.501099,16.476547,74.146286,328.276276
5.5255866,15.237897,-8.845378,4.669890,18.227509,75.155289,329.865448
5.5357032,16.869545,-9.452309,4.978743,19.967863,75.561668,330.737305
5.5455346,17.955317,-10.066422,5.428853,21.288464,75.225594,330.723389
5.5568032,18.347965,-10.572795,6.210559,22.068142,73.654640,330.047821
5.5659547,18.086996,-10.985794,6.210559,22.054436,73.644196,328.726074
5.5757604,17.383101,-11.160571,6.418855,21.631741,72.738503,327.298096
5.5860395,16.400282,-10.983400,6.360197,20.737801,72.139786,326.189453
5.5957246,15.312117,-10.437522,5.992687,19.476013,72.079575,325.719666
5.6067624,14.183250,-9.671378,5.409699,17.999027,72.509056,325.710419
5.6161647,12.981361,-8.833407,4.751293,16.404865,73.164368,325.765961
5.6261392,11.781867,-7.951144,4.191050,14.818838,73.571472,325.986053
5.6360664,10.630256,-7.102399,3.677494,13.303021,73.952126,326.251892
5.6460600,9.538500,-6.299145,3.233369,11.879263,74.205612,326.559570
5.6560602,8.567651,-5.527015,2.902970,10.600932,74.107048,327.173828
5.6660948,7.674613,-4.808754,2.655170,9.437888,73.660347,327.929596
5.6768155,6.955156,-4.180276,2.485181,8.486755,72.972504,328.992767
5.6865540,6.399701,-3.605668,2.444480,7.741608,71.593376,330.602570
5.6957030,5.981913,-3.137601,2.530671,7.213330,69.461754,332.322327
5.7056055,5.673061,-2.743755,2.628834,6.828073,67.356026,334.189423
5.7155724,5.459977,-2.361880,2.615665,6.498580,66.265564,336.607635
5.7258286,5.284003,-2.047042,2.457648,6.176658,66.553482,338.823456
5.7367139,5.185841,-1.772906,2.215834,5.911520,67.986000,341.125763
5.7457657,5.122395,-1.562217,1.948880,5.698911,70.002800,343.039459
5.7554846,5.052963,-1.423353,1.619677,5.493789,72.853271,344.268158
5.7655234,5.001487,-1.326388,1.236605,5.320091,76.559196,345.147125
5.7758241,4.933253,-1.237802,0.867898,5.159688,80.316383,345.914703
5.7858243,4.898537,-1.266533,0.542287,5.088599,83.882431,345.503448
5.7938251,4.898537,-1.266533,0.542287,5.088599,83.882431,345.503448
5.7956161,4.848258,-1.456872,0.295684,5.071046,86.657288,343.274811
5.8057404,4.793192,-1.762132,0.092177,5.107670,88.965942,339.814941
5.8155322,4.843470,-2.194286,-0.046687,5.317544,90.503052,335.627563
5.8258314,4.935647,-2.632425,-0.041899,5.593928,90.429146,331.926788
5.8358707,5.079299,-3.059790,0.017957,5.929748,89.826500,328.935089
5.8471503,5.179855,-3.380613,0.025139,6.185473,89.767136,326.869690
5.8560896,5.218163,-3.554192,0.023942,6.313642,89.782730,325.740448
5.8658485,5.193024,-3.629610,0.022745,6.335778,89.794312,325.048767
5.8759966,5.134366,-3.665523,0.028730,6.308612,89.739067,324.476227
5.8868504,5.100847,-3.670311,0.100556,6.284897,89.083244,324.263123
5.9013481,5.025429,-3.749320,0.250194,6.274945,87.714905,323.274506
5.9067998,5.025429,-3.749320,0.250194,6.274945,87.714905,323.274506
5.9153414,4.933253,-3.843891,0.416591,6.267857,86.189049,322.075012
5.9254098,4.808754,-3.916914,0.622492,6.233284,84.268555,320.835876
5.9357796,4.616021,-3.983952,0.806846,6.150652,82.462181,319.203491
5.9470062,4.401740,-4.021062,0.954089,6.037759,80.907990,317.587799
5.9585261,4.268862,-3.948039,1.051055,5.908884,79.753876,317.235931
5.9658484,4.334702,-3.830723,1.048660,5.879096,79.725105,318.531891
5.9763083,4.686650,-3.876213,0.985214,6.161198,80.798546,320.406677
5.9857068,5.273229,-4.268862,0.951695,6.850975,82.014999,321.008636
5.9969115,5.935226,-4.984728,0.846350,7.796841,83.768242,319.974609
6.0069666,6.602011,-5.768829,0.658405,8.792009,85.705284,318.853088
6.0156441,7.341819,-6.490681,0.492008,9.811897,87.125748,318.521088
6.0254927,8.063671,-7.307104,0.441730,10.890899,87.675468,317.817902
6.0355358,8.850166,-8.125920,0.475249,12.024220,87.734833,317.442902
6.0463943,9.946711,-8.856153,0.776918,13.340618,86.661369,318.319397
6.0567923,11.257536,-9.446322,1.406593,14.762914,84.532631,319.999603
6.0656438,12.405556,-9.812635,2.135628,15.960781,82.310493,321.656464
6.0754833,13.344083,-9.986216,2.857480,16.910181,80.271492,323.190186
6.0855260,13.977349,-9.844957,3.593697,17.470093,78.129189,324.841003
6.0960240,14.374787,-9.391256,4.229357,17.683825,76.162720,326.842834
6.1068029,14.569915,-8.728063,4.667496,17.613831,74.633614,329.076416
6.1156378,14.604630,-7.954735,5.006276,17.367666,73.246628,331.424103
6.1254916,14.415488,-7.151481,5.201403,16.911671,72.087578,333.614136
6.1355329,13.966576,-6.417658,5.177461,16.219051,71.384178,335.321167
6.1458321,13.371616,-5.846641,4.884171,15.389557,71.496101,336.382996
6.1566978,12.714408,-5.556942,4.381389,14.551026,72.476006,336.391846
6.1658001,12.072762,-5.414487,3.860650,13.783065,73.733765,335.844360
6.1757045,11.561600,-5.187038,3.427300,13.127160,74.865570,335.836914
6.1854992,11.252748,-4.651934,3.055001,12.553799,75.915497,337.539581
6.1955276,11.098322,-3.933673,2.665944,12.072854,77.242722,340.483704
6.2060189,10.941502,-3.174711,2.274492,11.617598,78.709717,343.819733
6.2160940,10.736797,-2.462436,2.031480,11.201308,79.550957,347.082855
6.2263331,10.465055,-1.836353,1.970428,10.806117,79.493690,350.047363
6.2356853,10.122684,-1.286883,2.043451,10.406753,78.675926,352.754913
6.2455745,9.691729,-0.842759,2.226608,9.979861,77.108231,355.030273
6.2558064,9.222465,-0.567426,2.430115,9.554124,75.264778,356.479218
6.2659149,8.718486,-0.426168,2.600103,9.107917,73.412621,357.201569
6.2768736,8.212111,-0.354342,2.628834,8.629895,72.264732,357.529297
6.2857909,7.692570,-0.332794,2.604892,8.128459,71.308914,357.522827
6.2958016,7.278373,-0.313640,2.507926,7.704724,71.003830,357.532532
6.3054857,7.012617,-0.369904,2.406173,7.423159,71.086273,356.980530
6.3159261,6.898892,-0.535104,2.275689,7.284216,71.795250,355.564789
6.3266850,6.900089,-0.736217,2.153584,7.265754,72.758369,353.909760
6.3356905,6.928820,-0.922965,1.980005,7.265041,74.184608,352.412476
6.3455677,6.950367,-1.188721,1.835156,7.286183,75.411926,350.294617
6.3559093,6.879739,-1.543063,1.838747,7.286483,75.383362,347.358276
6.3658991,6.804321,-1.873463,1.974019,7.328397,74.373474,344.605957
6.3767152,6.725313,-2.132037,2.208651,7.392804,72.617050,342.410522
6.3856678,6.618771,-2.372654,2.458845,7.448727,70.724991,340.278595
6.3955755,6.466739,-2.600103,2.710236,7.478277,68.751442,338.096252
6.4055295,6.416461,-2.657564,2.886210,7.520892,67.433281,337.501678
6.4158258,6.490681,-2.547431,2.905364,7.553772,67.379585,338.571228
6.4258471,6.671443,-2.407370,2.765303,7.612521,68.699638,340.158173
6.4357743,7.037756,-2.407370,2.536657,7.858757,71.168816,341.115967
6.4459600,7.669825,-2.246958,2.298434,8.316119,73.955551,343.671478
6.4558072,8.246828,-2.042254,2.099715,8.751558,76.117905,346.091034
6.4661183,8.705317,-1.974019,1.849521,9.115922,78.294044,347.223663
6.4763765,8.931569,-2.325967,1.765724,9.396852,79.169403,345.403198
6.4861236,9.074024,-3.199851,1.844732,9.796938,79.146591,340.575378
6.4995823,9.269152,-6.027403,1.959654,11.228848,79.949295,326.965454
6.5058608,9.269152,-6.027403,2.109292,11.255926,79.199265,326.965454
6.5157471,9.703699,-7.311892,2.109292,12.331855,80.151466,323.001404
6.5259662,10.529699,-8.327033,2.479196,13.651390,79.536591,321.662567
6.5360637,11.682508,-9.125500,2.815581,15.089176,79.245796,322.005707
6.5462556,13.000515,-9.676167,3.252523,16.529383,78.651733,323.340027
6.5568280,15.805323,-9.727641,3.573346,18.899843,79.101631,328.389099
6.5687757,16.883911,-9.265560,3.919308,19.653957,78.497208,331.242889
6.5758395,16.883911,-9.265560,3.919308,19.653957,78.497208,331.242889
6.5858088,17.379511,-9.370906,4.288015,20.205156,77.747292,331.666779
6.5956774,17.173609,-9.876082,4.550180,20.326681,77.064583,330.097931
6.6059160,16.340427,-10.533290,4.698621,20.000919,76.413078,327.193542
6.6159091,15.170859,-11.015722,4.728549,19.335466,75.844574,324.016205
6.6255841,13.797785,-11.238382,4.544195,18.366541,75.675285,320.836975
6.6355820,12.349293,-11.131841,4.152743,17.136749,75.975922,317.968018
6.6455269,10.946290,-10.662578,3.722984,15.728078,76.307594,315.752228
6.6554866,9.689334,-9.871294,3.265691,14.212332,76.715958,314.467041
6.6658220,8.680179,-8.942344,2.759317,12.764201,77.515457,314.147705
6.6767673,7.908048,-7.969100,2.361880,11.472675,78.119568,314.779694
6.6854906,7.425617,-7.042544,2.091335,10.445616,78.450653,316.516663
6.6954899,7.103596,-6.169858,1.866280,9.592249,78.780907,319.023926
6.7055049,6.770802,-5.407305,1.715446,8.833202,78.801758,321.388397
6.7158499,6.417658,-4.842273,1.622072,8.201528,78.593018,322.964600
6.7258487,6.038177,-4.424485,1.535880,7.641634,78.405228,323.767822
6.7357368,5.613206,-4.122815,1.443704,7.112662,78.288925,323.703278
6.7457089,5.163096,-3.870227,1.367089,6.595843,78.037865,323.144989
6.7557025,4.778827,-3.660734,1.291672,6.156832,77.889664,322.546722
6.7658567,4.516662,-3.476381,1.187524,5.821999,78.230682,322.415253
6.7767687,4.398149,-3.314772,1.152808,5.626757,78.177544,322.995605
6.7858210,4.413711,-3.119645,1.146823,5.525236,78.020554,324.747040
6.7957921,4.481946,-2.935291,1.154005,5.480465,77.844414,326.778625
6.8061123,4.690241,-2.719813,1.168370,5.546245,77.838982,329.891083
6.8155322,4.969166,-2.491167,1.247379,5.696883,77.352150,333.374237
6.8266625,5.231331,-2.373851,1.345541,5.900209,76.817719,335.592621
6.8368602,5.452795,-2.404976,1.332373,6.106725,77.397766,336.199951
6.8455868,5.620389,-2.533065,1.255759,6.291432,78.486534,335.739288
6.8554831,5.713762,-2.794033,1.161188,6.465451,79.653603,333.941345
6.8655257,5.742493,-3.135207,1.101333,6.634657,80.444847,331.366943
6.8766870,5.687426,-3.475184,1.092953,6.754129,80.687447,328.573853
6.8860269,5.585672,-3.719392,1.177947,6.813309,80.044159,326.341125
6.8958259,5.464766,-3.855862,1.371878,6.827400,78.408241,324.793732
6.9055390,5.337873,-3.924097,1.638831,6.824748,76.105751,323.678802
6.9151354,5.250484,-3.926491,1.924938,6.833030,73.637665,323.209625
6.9251351,5.106832,-4.027047,2.474407,6.958415,69.169823,321.742065
6.9338126,5.106832,-4.027047,2.474407,6.958415,69.169823,321.742065
6.9357162,5.106832,-4.027047,2.474407,6.958415,69.169823,321.742065
6.9452977,5.035006,-4.132392,2.679112,7.043123,67.642349,320.623169
6.9570732,4.996699,-4.246117,2.809596,7.133746,66.805992,319.642639
6.9657168,4.953603,-4.369418,2.932897,7.227163,66.057739,318.585480
6.9761848,4.850653,-4.598064,3.033453,7.339814,65.588478,316.531311
6.9858289,4.726154,-4.814740,3.087323,7.419557,65.411003,314.468048
6.9973512,4.642357,-4.989516,3.052607,7.467607,65.871796,312.935791
7.0057225,4.576517,-5.046977,2.965219,7.430276,66.479790,312.201233
7.0156832,4.553771,-5.038598,2.971204,7.412985,66.371124,312.106567
7.0256996,4.576517,-4.948815,3.086126,7.413464,65.399628,312.761719
7.0358272,4.697424,-4.794389,3.211822,7.440951,64.428238,314.414703
7.0463181,4.952406,-4.780024,3.160346,7.573820,65.337494,316.014740
7.0558252,5.383362,-5.058948,2.855086,7.919915,68.869431,316.779449
7.0657625,5.901707,-5.474342,2.430115,8.408568,73.201630,317.151428
7.0757928,6.379351,-6.007052,1.948880,8.976577,77.460815,316.721619
7.0865231,6.932411,-6.549339,1.498770,9.653936,81.068726,316.627563
7.0957317,7.540538,-7.180211,1.268927,10.489296,83.051712,316.402191
7.1077380,8.056489,-7.923611,1.321599,11.377048,83.329254,315.476410
7.1161461,8.480263,-8.681376,1.563414,12.236233,82.659302,314.328583
7.1268330,8.923190,-9.367314,2.019509,13.093827,81.127647,313.609039
7.1356258,9.516952,-9.967062,2.576161,14.019675,79.411545,313.676605
7.1457891,10.394426,-10.341754,3.077746,14.982272,78.145569,315.145538
7.1560168,11.577163,-10.229227,3.422511,15.823443,77.508560,318.537170
7.1657581,13.005303,-9.688137,3.537433,16.598536,77.694908,323.316193
7.1758385,14.360422,-8.875306,3.438074,17.228266,78.488770,328.282288
7.1856885,15.446193,-7.996634,3.253720,17.695133,79.404358,332.628998
7.1957550,16.053122,-7.194576,3.037045,17.851843,80.204910,335.859375
7.2062778,16.267403,-6.525397,2.704251,17.734772,81.229156,338.142639
7.2159224,16.160862,-5.993884,2.357092,17.397011,82.213142,339.650757
7.2262478,15.871163,-5.462371,2.098518,16.915529,82.873604,341.008087
7.2356267,15.489288,-4.838682,1.867477,16.334576,83.435211,342.651764
7.2456145,15.036784,-4.182671,1.695095,15.699457,83.801605,344.455414
7.2556739,14.506468,-3.593697,1.669956,15.037986,83.624199,346.086212
7.2658272,13.860034,-3.120842,1.770512,14.316945,82.896301,347.310425
7.2787542,13.145365,-2.773683,1.849521,13.561514,82.161568,348.085297
7.2857270,12.380417,-2.473210,1.902193,12.767530,81.431786,348.702850
7.2954817,11.710040,-2.213439,1.932121,12.073005,80.790985,349.296204
7.3058443,11.110293,-2.011129,1.945289,11.457199,80.224541,349.739716
7.3158154,10.526108,-1.866280,1.936909,10.864326,79.730316,349.945923
7.3313570,9.964667,-1.764527,1.884237,10.293614,79.452591,349.958252
7.3356748,9.483433,-1.698686,1.825579,9.805803,79.270454,349.844788
7.3456340,9.065644,-1.661576,1.752556,9.381801,79.233688,349.613953
7.3557286,8.714894,-1.660379,1.699883,9.033042,79.153114,349.213165
7.3658290,8.469488,-1.644817,1.764527,8.806316,78.441368,349.009674
7.3768420,8.333019,-1.647211,1.836353,8.690495,77.801109,348.818329
7.3862729,8.240842,-1.702277,1.900996,8.626877,77.269974,348.328796
7.3955755,8.155849,-1.716643,2.160767,8.610089,75.465813,348.113892
7.4056153,8.001422,-1.714248,2.397793,8.527063,73.668282,347.907593
7.4156132,7.918822,-1.576582,2.591723,8.480000,72.204063,348.740051
7.4259109,7.888895,-1.353921,2.804807,8.481433,70.688751,350.261566
7.4368052,7.946355,-1.058237,3.112462,8.599526,68.780975,352.414398
7.4457397,7.942764,-0.869095,3.458424,8.706522,66.595360,353.755554
7.4557080,7.955932,-0.817620,3.733757,8.826455,64.974670,354.132385
7.4655704,8.137892,-0.730232,4.052186,9.120238,63.620983,354.872467
7.4754844,8.457518,-0.730232,4.468778,9.593374,62.236748,355.065247
7.4866810,8.722076,-0.181959,4.782418,9.948832,61.268776,358.804871
7.4957347,8.850166,0.034716,4.809951,10.072848,61.476673,0.224749
7.5056877,8.833407,0.034716,4.466383,9.898427,63.177917,0.225175
7.5154910,8.833407,-0.023942,4.079720,9.730044,65.210167,359.844696
7.5256248,8.734048,-0.293290,3.780444,9.521626,66.606880,358.076721
7.5366960,9.199720,-1.211466,3.886986,10.060376,67.271439,352.498169
7.5481439,10.176555,-1.794454,4.441244,11.247532,66.742516,349.999725
7.5556555,10.176555,-1.794454,5.194221,11.565563,63.313347,349.999725
7.5655828,11.370064,-2.852691,5.194221,12.821705,66.101883,345.915497
7.5757494,12.306197,-4.047398,6.098032,14.318167,64.792694,341.794434
7.5858188,13.186066,-4.924873,6.464345,15.489172,65.332855,339.519806
7.5957131,14.146141,-5.222951,6.452374,16.402002,66.834442,339.735168
7.6060438,14.915876,-5.299565,6.557718,17.133955,67.496971,340.440033
7.6159749,15.674838,-5.007473,6.562507,17.715582,68.257431,342.283447
7.6260753,16.016012,-5.045780,6.457162,17.990761,68.966393,342.513184
7.6358027,16.021997,-5.361814,6.507440,18.105255,68.935249,341.497009
7.6456947,16.141708,-5.811924,6.809110,18.457985,68.352341,340.198273
7.6568460,16.236279,-6.234501,8.926781,19.549250,62.830116,338.993927
7.6660466,15.832856,-6.499061,8.926781,19.302967,62.454269,337.682861
7.6757994,16.135723,-6.878541,9.208099,19.810730,62.302486,336.911804
7.6855698,15.957355,-7.010222,8.840590,19.543194,63.104698,336.283630
7.6955729,15.187618,-6.688202,8.311471,18.560074,63.396446,336.232635
7.7060299,14.235924,-6.039374,7.659051,17.256784,63.651592,337.011658
7.7157116,13.366828,-5.244499,7.018602,15.982416,63.950642,338.577362
7.7258697,12.506113,-4.449624,6.531382,14.793950,63.801006,340.414642
7.7355590,11.467029,-3.788824,5.955577,13.465394,63.750069,341.715912
7.7457705,10.450690,-2.930503,5.209783,12.039377,64.359146,344.335846
7.7556453,9.215282,-2.880225,4.270059,10.557013,66.141701,342.643433
7.7656326,8.377312,-2.504335,3.958812,9.598085,65.640625,343.356354
7.7755184,7.672219,-1.745373,5.215768,9.439995,56.460060,347.183746
7.7859879,6.969521,-1.185130,6.835446,9.833721,45.964600,350.349457
7.7962365,6.776788,-0.782904,7.888895,10.429403,40.851364,353.409973
7.8064699,6.520608,-0.518345,8.148665,10.449295,38.755058,355.454926
7.8159289,5.934029,-0.307655,8.024167,9.984719,36.520432,357.032104
7.8261290,5.141548,-0.192733,7.418434,9.028058,34.743786,357.853241
7.8357911,4.411316,-0.310049,6.501455,7.862872,34.222992,355.979584
7.8478503,3.928885,-0.175974,5.662287,6.894099,34.782478,357.435455
7.8559117,3.766079,0.374693,5.301960,6.514178,35.520203,5.681741
7.8658452,3.677494,0.846350,5.408502,6.594859,34.904312,12.960559
7.8755879,3.591303,1.191115,5.985504,7.081135,32.298622,18.348963
7.8855734,3.609259,1.315614,6.874950,7.875439,29.195436,20.027344
7.8956184,3.289633,1.404199,6.687006,7.583502,28.141764,23.115498
7.9055257,2.735375,1.532289,6.836643,7.521295,24.636389,29.256462
7.9155350,2.285265,1.458069,7.911640,8.363160,18.913189,32.539112
7.9251876,2.172738,1.346738,8.605958,8.977584,16.543242,31.792072
7.9354210,2.316390,1.514333,8.386889,8.831691,18.261604,33.174522
7.9450941,2.491167,2.042254,8.477868,9.069232,20.805033,39.344837
7.9550800,2.850297,2.135628,8.395268,9.119519,22.988632,36.842937
7.9653888,3.053804,1.933318,8.189367,8.951490,23.814035,32.337292
7.9753737,2.993949,1.707066,7.748834,8.480698,23.977886,29.690577
7.9852481,2.721010,1.723825,7.439982,8.107330,23.409925,32.355240
7.9952836,2.315193,1.900996,8.348581,8.869764,19.739065,39.389290
8.0050859,1.909376,1.953669,9.487024,9.872496,16.063623,45.656910
8.0153913,1.665167,2.069787,9.476251,9.841551,15.659695,51.182930
8.0264044,1.611298,2.115277,8.135497,8.559030,18.099897,52.701916
8.0356684,1.522712,2.306813,7.767987,8.245100,19.586958,56.571461
8.0454884,1.607706,3.001132,8.005013,8.698952,23.040659,61.822044
8.0556335,1.717840,3.505111,8.161834,9.047227,25.559662,63.890728
8.0658340,1.861492,3.726575,7.969100,8.992167,27.597116,63.457039
8.0759888,1.971625,4.021062,7.232883,8.507106,31.764755,63.880154
8.0857544,1.763330,4.268862,7.095217,8.466086,33.062584,67.556053
8.0957842,1.246182,4.406528,7.746439,8.998766,30.589699,74.208908
8.1056070,0.487220,4.364630,8.779537,9.816703,26.575344,83.630486
8.1157446,-0.128090,4.001908,9.598354,10.400003,22.643471,91.833252
8.1267967,-0.496797,3.251326,9.897630,10.429813,18.382061,98.687500
8.1370783,-0.566229,2.364274,9.309854,9.622046,14.635140,103.468300
8.1459494,-0.766145,1.636437,8.355764,8.548901,12.202127,115.087982
8.1558809,-0.486023,1.351527,6.725313,6.876967,12.055010,109.779106
8.1656189,0.381875,1.551443,4.953603,5.204900,17.876728,76.171989
8.1756077,1.438915,2.015918,4.052186,4.749170,31.434063,54.481636
8.1868105,2.270900,2.667141,5.073313,6.165154,34.623718,49.587723
8.1992664,2.436100,2.823961,6.706159,7.673455,29.079920,49.217182
8.2070427,2.161964,2.312799,7.781156,8.400566,22.140024,46.930584
8.2155781,1.375469,1.735796,8.287529,8.578347,14.961717,51.606209
8.2258091,0.769736,1.446098,8.222886,8.384482,11.267186,61.974308
8.2358789,0.770933,1.482011,8.000225,8.172778,11.794548,62.516827
8.2460308,1.914164,2.373851,8.038532,8.597511,20.774502,51.118893
8.2556610,3.112462,3.738546,8.315063,9.633505,30.329018,50.221504
8.2654819,3.002329,4.414908,7.957129,9.582343,33.860664,55.782597
8.2755260,2.934094,4.625597,7.589619,9.359881,35.819271,57.612358
8.2858572,2.529474,3.970783,8.221688,9.474256,29.796877,57.501991
8.2969389,1.794454,2.722207,9.473856,10.019202,18.990971,56.607494
8.3060112,1.389834,1.776498,10.013748,10.264635,12.693859,51.962330
8.3158283,1.430536,1.732205,9.501390,9.763369,13.302926,50.448517
8.3254814,1.636437,2.030283,8.538920,8.928222,16.982008,51.130692
8.3353729,2.097321,2.422932,8.013393,8.630402,21.796646,49.120121
8.3454294,2.715025,2.851494,8.368932,9.248859,25.195435,46.404392
8.3553209,3.084929,2.965219,8.190564,9.240923,27.583601,43.866474
8.3654261,1.795651,2.209848,7.829040,8.330766,19.986307,50.903805
8.3758039,0.207098,1.011550,8.895657,8.955379,6.620750,78.429512
8.3856297,1.380257,1.234211,9.458294,9.637827,11.076346,41.802734
8.3956957,1.608904,0.972046,9.933543,10.109833,10.715497,31.138973
8.4059572,0.472855,0.824802,10.662578,10.704880,5.095315,60.174583
8.4157677,-1.005565,0.502782,11.075577,11.132491,5.796131,153.434952
8.4255733,0.294487,0.811634,10.788273,10.822768,4.575773,70.057617
8.4356833,0.124498,0.545878,9.843760,9.859671,3.255399,77.152298
8.4459219,-0.426168,0.476446,9.560047,9.581394,3.825359,131.811752
8.4566984,0.598550,1.109712,9.484630,9.568068,7.572223,61.658714
8.4677324,0.826000,0.914585,8.838196,8.923701,7.937980,47.913502
8.4757624,0.913388,0.860716,8.577228,8.668561,8.324565,43.299408
8.4861994,0.349553,0.920571,9.361329,9.412976,6.004757,69.207535
8.4956341,-0.148441,0.963666,9.910798,9.958645,5.618729,98.756859
8.5058250,-0.287304,1.009156,10.105926,10.160250,5.927545,105.891518
8.5157080,-0.156820,0.809240,9.976639,10.010633,4.723187,100.967239
8.5255604,0.052672,0.487220,9.651027,9.663461,2.906835,83.829826
8.5354891,0.403423,0.487220,9.457097,9.478229,3.826638,50.374908
8.5455227,0.841562,0.396240,9.199720,9.246626,5.773531,25.212898
8.5566759,0.982820,0.384269,9.015367,9.076918,6.676234,21.354834
8.5657692,0.860716,0.384269,9.084799,9.133568,5.923575,24.058537
8.5756655,0.860716,0.459687,9.227253,9.278704,6.036568,28.105564
8.5857019,0.633266,0.509965,9.357738,9.392994,4.965818,38.844250
8.5957050,0.581791,0.640449,9.440337,9.479906,5.236785,47.747639
8.6056976,0.487220,0.849942,9.419987,9.470794,5.937458,60.176964
8.6158409,0.508768,1.116895,9.440337,9.519783,7.407349,65.509796
8.6257095,0.532710,1.261744,9.440337,9.539169,8.254808,67.110474
8.6357021,0.503979,1.351527,9.514558,9.623276,8.620584,69.549698
8.6460552,0.298078,1.405396,9.375694,9.485126,8.711788,78.025284
8.6575699,0.013168,1.404199,9.272743,9.378470,8.611398,89.462715
8.6657801,-0.156820,1.413776,9.272743,9.381211,8.721252,96.329544
8.6772232,-0.331597,1.297657,9.312247,9.408072,8.184532,104.334335
8.6855965,-0.331597,1.209072,9.312247,9.396263,7.667695,105.336685
8.6955376,-0.257377,1.288081,9.290700,9.383097,8.047301,101.299690
8.7052908,-0.204704,1.489193,9.269152,9.390249,9.211598,97.826813
8.7146397,-0.198719,1.635240,9.227253,9.373137,10.121953,96.928764
8.7246313,-0.254982,1.661576,9.084799,9.239017,10.483289,98.724449
8.7346439,-0.355539,1.650802,9.018958,9.175683,10.604931,102.154335
8.7448301,-0.450110,1.778892,9.069236,9.253005,11.438108,104.199425
8.7548676,-0.633266,1.922544,9.188946,9.409246,12.422797,108.231354
8.7646933,-0.848745,1.935712,9.373300,9.608646,12.707233,113.675827
8.7748060,-1.082179,1.814805,9.540894,9.772066,12.487418,120.807884
8.7848978,-1.306037,1.722628,9.671378,9.910032,12.599691,127.168144
8.7947826,-1.279701,1.776498,9.836577,10.077293,12.548347,125.767105
8.8046398,-1.189918,1.860295,9.860519,10.104774,12.623325,122.604591
8.8146563,-1.115698,1.934515,9.648633,9.903699,13.031722,119.973450
8.8246412,-1.155202,1.990779,9.323022,9.602939,13.867893,120.125587
8.8347530,-1.253365,2.054225,9.050082,9.364548,14.890305,121.389030
8.8447800,-1.316811,2.098518,8.932767,9.269957,15.501051,122.108093
8.8546133,-1.333570,2.106898,8.910022,9.252347,15.634333,122.331947
8.8646336,-1.339556,2.025495,9.109938,9.428043,14.925933,123.478561
8.8747787,-1.284489,2.039860,9.118318,9.431578,14.808378,122.198410
